                          "election" "1" "2" "3" "4"
"vote" "class" "religion"                           
"1"    "1"     "1"                    37  86  61  50
               "2"                    20  57  34  35
               "3"                    10  69  49  28
               "4"                     0   3   2   5
       "2"     "1"                    19  52  22  30
               "2"                    20  35  27  37
               "3"                    22 106  60  98
               "4"                     2   9   7  16
       "3"     "1"                    30  47  32  33
               "2"                     8  19  20  32
               "3"                     7  67  51  52
               "4"                     2  17   3  10
       "4"     "1"                    22  80  59  63
               "2"                     8  45  42  58
               "3"                    24 118  98 114
               "4"                     1  16   8  20
       "5"     "1"                    38 113  79  73
               "2"                    33  90  79  89
               "3"                    43 212 145 186
               "4"                     3  23  12  44
       "6"     "1"                    38  55  31  31
               "2"                    33  53  40  43
               "3"                    40 144  88 116
               "4"                     5  15  10  26
"2"    "1"     "1"                     5   4  11   4
               "2"                    11  13  13  11
               "3"                    15  29  34  18
               "4"                     4   8   6   3
       "2"     "1"                     4   0  11   5
               "2"                     3   5  16   5
               "3"                    18  45  59  27
               "4"                     3   9  10  14
       "3"     "1"                     4   2   7  12
               "2"                     1   9  10  13
               "3"                     9  29  61  58
               "4"                     3  31  37  56
       "4"     "1"                     8  20  21  17
               "2"                     6  24  37  24
               "3"                    30 118 159 122
               "4"                     4  78  70  91
       "5"     "1"                     9  31  55  18
               "2"                    16  53  85  52
               "3"                    55 258 317 196
               "4"                     6  72  81  59
       "6"     "1"                     6  18  37  17
               "2"                    37  54  69  40
               "3"                   104 333 318 196
               "4"                    28 102  84  95
