   counts origin destination
1      50      1           1
2      19      1           2
3      26      1           3
4       8      1           4
5       7      1           5
6      11      1           6
7       6      1           7
8       2      1           8
9      16      2           1
10     40      2           2
11     34      2           3
12     18      2           4
13     11      2           5
14     20      2           6
15      8      2           7
16      3      2           8
17     12      3           1
18     35      3           2
19     65      3           3
20     66      3           4
21     35      3           5
22     88      3           6
23     23      3           7
24     21      3           8
25     11      4           1
26     20      4           2
27     58      4           3
28    110      4           4
29     40      4           5
30    183      4           6
31     64      4           7
32     32      4           8
33      2      5           1
34      8      5           2
35     12      5           3
36     23      5           4
37     25      5           5
38     46      5           6
39     28      5           7
40     12      5           8
41     12      6           1
42     28      6           2
43    102      6           3
44    162      6           4
45     90      6           5
46    554      6           6
47    230      6           7
48    177      6           8
49      0      7           1
50      6      7           2
51     19      7           3
52     40      7           4
53     21      7           5
54    158      7           6
55    143      7           7
56     71      7           8
57      0      8           1
58      3      8           2
59     14      8           3
60     32      8           4
61     15      8           5
62    126      8           6
63     91      8           7
64    106      8           8
