              "educ" "1" "2" "3" "4" "5"
"orig" "dest"                           
"1"    "1"             7   3  16  14 135
       "2"             3   1  14   6  19
       "3"             8   9  16   6   5
       "4"             4   2   2   1   0
       "5"            11  14  13  12  18
       "6"            11   5  16   1   2
       "7"             0   0   0   0   0
"2"    "1"             5   9   5   9  54
       "2"             4   7   6   4   8
       "3"             4   1  14   2   8
       "4"             0   1   0   0   0
       "5"            12  20  13  17   2
       "6"            11   4   4   2   1
       "7"             0   0   1   0   0
"3"    "1"            13  13  18  30 139
       "2"            43  26  44  10   4
       "3"           139  43  50  18  20
       "4"             7   2   6   1   0
       "5"           117  51  57  47  11
       "6"           110  20  18   3   2
       "7"             1   0   0   0   0
"4"    "1"             2   2   4  26  48
       "2"             5   6   9   3   2
       "3"            46  10  10   3   5
       "4"            18  13   8   2   2
       "5"            38  16   7  11   0
       "6"            69   6  12   0   1
       "7"             1   0   0   0   0
"5"    "1"             1   3   9  17  64
       "2"             8  14  15  10   5
       "3"            25  21  12  14   6
       "4"             0   2   5   0   0
       "5"            83  51  35  42  13
       "6"            39  17  18   2   2
       "7"             0   0   1   0   0
"6"    "1"             9   5  10  20  82
       "2"            26  26  22  13  12
       "3"            46  28  23   6   1
       "4"             4   2   0   0   1
       "5"           110  56  25  39  10
       "6"            85  28  24   2   1
       "7"             1   1   0   0   0
"7"    "1"             2   0   1   6   1
       "2"             9   2   3   2   0
       "3"             4   1   4   3   0
       "4"             1   0   0   0   0
       "5"            17   5   1   1   1
       "6"            11   1   4   0   0
       "7"             0   0   0   0   0
